NLL: 0.2855122180059719
CE: 0.06487695749440715