NLL: 0.20537810517637523
CE: 0.06263982102908278