NLL: 0.22138683214550317
CE: 0.06487695749440715