NLL: 0.23249573995603012
CE: 0.0738255033557047