NLL: 0.2526388584367381
CE: 0.06263982102908278