NLL: 0.26900197035514267
CE: 0.0738255033557047