NLL: 0.3596790450264677
CE: 0.10961968680089486