NLL: 0.22863245117050957
CE: 0.06040268456375839