NLL: 0.2568249371761177
CE: 0.08277404921700224