NLL: 0.22448220242323225
CE: 0.0738255033557047