NLL: 0.30593867589963364
CE: 0.06711409395973154