NLL: 0.21768583760698904
CE: 0.06040268456375839