NLL: 0.24711034655304295
CE: 0.07158836689038031