NLL: 0.23962612066759625
CE: 0.08053691275167785