NLL: 0.20188970053755997
CE: 0.058165548098434