NLL: 0.20256714319489413
CE: 0.06263982102908278