NLL: 0.2714408654761261
CE: 0.0738255033557047