NLL: 0.34366096479514036
CE: 0.087248322147651