NLL: 0.3112552416671309
CE: 0.07606263982102908