NLL: 0.2349790897412055
CE: 0.06487695749440715